3 1 16 6
0 400 500 25 25
1 141 60 0
1 194 60 0
1 247 60 0
1 300 60 0
1 353 60 0
1 406 60 0
1 459 60 0
1 512 60 0
1 565 60 0
1 618 60 0
1 671 60 0
1 141 97 1
1 194 97 1
1 247 97 1
1 300 97 1
1 353 97 1
1 406 97 1
1 459 97 1
1 512 97 1
1 565 97 1
1 618 97 1
1 671 97 1
1 141 134 2
1 194 134 2
1 247 134 2
1 300 134 2
1 353 134 2
1 406 134 2
1 459 134 2
1 512 134 2
1 565 134 2
1 618 134 2
1 671 134 2
1 141 171 2
1 194 171 2
1 247 171 2
1 300 171 2
1 353 171 2
1 406 171 2
1 459 171 2
1 512 171 2
1 565 171 2
1 618 171 2
1 671 171 2
4 0 400 4
4 100 400 4
4 200 400 4
4 300 400 4
4 400 400 4
4 500 400 4
4 600 400 4
4 700 400 4
4 0 325 4
4 100 325 4
4 200 325 4
4 300 325 4
4 400 325 4
4 500 325 4
4 600 325 4
4 700 325 4
5 -55 20 10 1 36
6 126 274 8 0
6 179 274 8 0
6 232 274 8 0
6 285 274 8 0
6 338 274 8 0
6 391 274 8 0
6 444 274 8 0
6 497 274 8 0
6 550 274 8 0
6 603 274 8 0
6 656 274 8 0