3 -1 14 5
0 405 500 3 20
1 111 90 0
1 164 90 0
1 217 90 0
1 270 90 0
1 323 90 0
1 376 90 0
1 429 90 0
1 482 90 0
1 535 90 0
1 588 90 0
1 641 90 0
1 111 127 1
1 164 127 1
1 217 127 1
1 270 127 1
1 323 127 1
1 376 127 1
1 429 127 1
1 482 127 1
1 535 127 1
1 588 127 1
1 641 127 1
1 111 164 2
1 164 164 2
1 217 164 2
1 270 164 2
1 323 164 2
1 376 164 2
1 429 164 2
1 482 164 2
1 535 164 2
1 588 164 2
1 641 164 2
1 111 201 2
1 164 201 2
1 217 201 2
1 270 201 2
1 323 201 2
1 376 201 2
1 429 201 2
1 482 201 2
1 535 201 2
1 588 201 2
1 641 201 2
4 0 400 4
4 100 400 4
4 200 400 2
4 300 400 4
4 400 400 4
4 500 400 4
4 600 400 2
4 700 400 4
4 0 325 4
4 100 325 2
4 700 325 1
5 0 20 10 0 0
6 156 258 8 0
6 209 258 8 0
6 262 258 8 0
6 315 258 8 0
6 368 258 8 0
6 421 258 8 0
6 474 258 8 0
6 527 258 8 0
6 580 258 8 0
6 633 258 8 0
6 686 258 8 0