3 -1 14 5
0 380 500 3 20
1 6 90 0
1 59 90 0
1 112 90 0
1 165 90 0
1 218 90 0
1 271 90 0
1 324 90 0
1 377 90 0
1 430 90 0
1 483 90 0
1 536 90 0
1 6 127 1
1 59 127 1
1 112 127 1
1 165 127 1
1 218 127 1
1 271 127 1
1 377 127 1
1 430 127 1
1 483 127 1
1 536 127 1
1 6 164 2
1 59 164 2
1 112 164 2
1 271 164 2
1 377 164 2
1 430 164 2
1 483 164 2
1 536 164 2
1 6 201 2
1 59 201 2
1 112 201 2
1 377 201 2
1 430 201 2
1 483 201 2
1 536 201 2
4 0 400 4
4 100 400 4
4 200 400 1
4 300 400 2
4 400 400 2
4 500 400 2
4 600 400 1
4 700 400 4
4 0 325 4
4 700 325 2
5 410 20 10 0 0