3 1 16 7
0 400 500 3 20
1 201 70 0
1 254 70 0
1 307 70 0
1 360 70 0
1 413 70 0
1 466 70 0
1 519 70 0
1 572 70 0
1 625 70 0
1 678 70 0
1 731 70 0
1 201 107 1
1 254 107 1
1 307 107 1
1 360 107 1
1 413 107 1
1 466 107 1
1 519 107 1
1 572 107 1
1 625 107 1
1 678 107 1
1 731 107 1
1 201 144 2
1 254 144 2
1 307 144 2
1 360 144 2
1 413 144 2
1 466 144 2
1 519 144 2
1 572 144 2
1 625 144 2
1 678 144 2
1 731 144 2
1 201 181 2
1 254 181 2
1 307 181 2
1 360 181 2
1 413 181 2
1 466 181 2
1 519 181 2
1 572 181 2
1 625 181 2
1 678 181 2
1 731 181 2
4 0 400 4
4 100 400 4
4 200 400 4
4 300 400 4
4 400 400 4
4 500 400 4
4 600 400 4
4 700 400 4
4 0 325 4
4 100 325 2
4 200 325 2
4 300 325 3
4 400 325 3
4 500 325 3
4 600 325 2
4 700 325 4
5 130 20 10 0 0
6 201 126 8 0
6 254 126 8 0
6 307 126 8 0
6 360 126 8 0
6 413 126 8 0
6 466 126 8 0
6 519 126 8 0
6 572 126 8 0
6 625 126 8 0
6 678 126 8 0
6 731 126 8 0