3 1 16 5
0 405 500 3 20
1 216 70 0
1 269 70 0
1 322 70 0
1 375 70 0
1 428 70 0
1 481 70 0
1 534 70 0
1 587 70 0
1 640 70 0
1 693 70 0
1 746 70 0
1 216 107 1
1 269 107 1
1 322 107 1
1 375 107 1
1 428 107 1
1 481 107 1
1 534 107 1
1 587 107 1
1 640 107 1
1 693 107 1
1 746 107 1
1 216 144 2
1 269 144 2
1 322 144 2
1 375 144 2
1 428 144 2
1 481 144 2
1 534 144 2
1 587 144 2
1 640 144 2
1 693 144 2
1 746 144 2
1 216 181 2
1 269 181 2
1 322 181 2
1 375 181 2
1 428 181 2
1 481 181 2
1 534 181 2
1 587 181 2
1 640 181 2
1 693 181 2
1 746 181 2
4 0 400 4
4 100 400 4
4 200 400 4
4 300 400 4
4 400 400 4
4 500 400 4
4 600 400 4
4 700 400 4
4 0 325 4
4 100 325 2
4 200 325 2
4 300 325 3
4 400 325 3
4 500 325 3
4 600 325 2
4 700 325 4
5 210 20 10 0 0
6 201 254 8 0
6 254 254 8 0
6 307 254 8 0
6 360 254 8 0
6 413 254 8 0
6 466 254 8 0
6 519 254 8 0
6 572 254 8 0
6 625 254 8 0
6 678 254 8 0
6 731 254 8 0